service_id,monday,tuesday,wednesday,thursday,friday,saturday,sunday,start_date,end_date
AFA25GEN-1038-Sunday-00_C64,0,0,0,0,0,0,1,20251102,20260510
AFA25GEN-1039-Saturday-00_C51,0,0,0,0,0,1,0,20251108,20260516
AFA25GEN-1093-Weekday-00_C8,1,1,1,1,1,0,0,20251103,20260515
AFA25GEN-2042-Saturday-00_C53,0,0,0,0,0,1,0,20251108,20260516
AFA25GEN-2048-Sunday-00_C9,0,0,0,0,0,0,1,20251102,20260510
AFA25GEN-2100-Weekday-00_C39,1,1,1,1,1,0,0,20251103,20260515
AFA25GEN-3042-Saturday-00_C18,0,0,0,0,0,1,0,20251108,20260516
AFA25GEN-3044-Sunday-00_C17,0,0,0,0,0,0,1,20251102,20260510
AFA25GEN-3093-Weekday-00_C34,1,1,1,1,1,0,0,20251103,20260515
AFA25GEN-4043-Saturday-00_C10,0,0,0,0,0,1,0,20251108,20260516
AFA25GEN-4049-Sunday-00_C24,0,0,0,0,0,0,1,20251102,20260510
AFA25GEN-4104-Weekday-00_C40,1,1,1,1,1,0,0,20251103,20260515
AFA25GEN-4104-Weekday-00_C41,1,1,1,1,1,0,0,20251103,20260515
AFA25GEN-5044-Saturday-00_C6,0,0,0,0,0,1,0,20251108,20260516
AFA25GEN-5049-Sunday-00_C58,0,0,0,0,0,0,1,20251102,20260510
AFA25GEN-5113-Weekday-00_C23,1,1,1,1,1,0,0,20251103,20260515
AFA25GEN-6031-Sunday-00_C25,0,0,0,0,0,0,1,20251102,20260510
AFA25GEN-6034-Saturday-00_C63,0,0,0,0,0,1,0,20251108,20260516
AFA25GEN-6091-Weekday-00_C2,1,1,1,1,1,0,0,20251103,20260515
AFA25GEN-7024-Saturday-00_C59,0,0,0,0,0,1,0,20251108,20260516
AFA25GEN-7026-Sunday-00_C16,0,0,0,0,0,0,1,20251102,20260510
AFA25GEN-7064-Weekday-00_C33,1,1,1,1,1,0,0,20251103,20260515
AFA25GEN-GS013-Saturday-00,0,0,0,0,0,1,0,20251108,20260516
AFA25GEN-GS013-Sunday-00,0,0,0,0,0,0,1,20251102,20260510
AFA25GEN-GS022-Weekday-00,1,1,1,1,1,0,0,20251103,20260515
BFA25GEN-A047-Saturday-00_C12,0,0,0,0,0,1,0,20251108,20260516
BFA25GEN-A055-Sunday-00_C49,0,0,0,0,0,0,1,20251102,20260510
BFA25GEN-A087-Weekday-00_C7,1,1,1,1,1,0,0,20251103,20260515
BFA25GEN-B087-Weekday-00_C30,1,1,1,1,1,0,0,20251103,20260515
BFA25GEN-C026-Saturday-00_C55,0,0,0,0,0,1,0,20251108,20260516
BFA25GEN-C028-Sunday-00_C57,0,0,0,0,0,0,1,20251102,20260510
BFA25GEN-C059-Weekday-00_C65,1,1,1,1,1,0,0,20251103,20260515
BFA25GEN-D041-Saturday-00_C37,0,0,0,0,0,1,0,20251108,20260516
BFA25GEN-D043-Sunday-00_C26,0,0,0,0,0,0,1,20251102,20260510
BFA25GEN-D084-Weekday-00_C60,1,1,1,1,1,0,0,20251103,20260515
BFA25GEN-E043-Saturday-00_C31,0,0,0,0,0,1,0,20251108,20260516
BFA25GEN-E049-Sunday-00_C43,0,0,0,0,0,0,1,20251102,20260510
BFA25GEN-E077-Weekday-00_C54,1,1,1,1,1,0,0,20251103,20260515
BFA25GEN-F045-Saturday-00_C45,0,0,0,0,0,1,0,20251108,20260516
BFA25GEN-F049-Sunday-00_C36,0,0,0,0,0,0,1,20251102,20260510
BFA25GEN-F080-Weekday-00_C14,1,1,1,1,1,0,0,20251103,20260515
BFA25GEN-FS012-Saturday-00,0,0,0,0,0,1,0,20251108,20260516
BFA25GEN-FS012-Weekday-00,1,1,1,1,1,0,0,20251103,20260515
BFA25GEN-FS013-Sunday-00,0,0,0,0,0,0,1,20251102,20260510
BFA25GEN-G038-Saturday-00_C32,0,0,0,0,0,1,0,20251108,20260516
BFA25GEN-G039-Sunday-00_C66,0,0,0,0,0,0,1,20251102,20260510
BFA25GEN-G056-Weekday-00_C5,1,1,1,1,1,0,0,20251103,20260515
BFA25GEN-H026-Sunday-00,0,0,0,0,0,0,1,20251102,20260510
BFA25GEN-H027-Saturday-00,0,0,0,0,0,1,0,20251108,20260516
BFA25GEN-H043-Weekday-00_C52,1,1,1,1,1,0,0,20251103,20260515
BFA25GEN-J034-Saturday-00_C3,0,0,0,0,0,1,0,20251108,20260516
BFA25GEN-J034-Sunday-00_C56,0,0,0,0,0,0,1,20251102,20260510
BFA25GEN-J056-Weekday-00_C29,1,1,1,1,1,0,0,20251103,20260515
BFA25GEN-L027-Saturday-00_C13,0,0,0,0,0,1,0,20251108,20260516
BFA25GEN-L027-Sunday-00_C46,0,0,0,0,0,0,1,20251102,20260510
BFA25GEN-L053-Weekday-00_C62,1,1,1,1,1,0,0,20251103,20260515
BFA25GEN-M027-Sunday-00_C47,0,0,0,0,0,0,1,20251102,20260510
BFA25GEN-M028-Saturday-00_C50,0,0,0,0,0,1,0,20251108,20260516
BFA25GEN-M093-Weekday-00_C11,1,1,1,1,1,0,0,20251103,20260515
BFA25GEN-N057-Saturday-00_C38,0,0,0,0,0,1,0,20251108,20260516
BFA25GEN-N060-Sunday-00_C4,0,0,0,0,0,0,1,20251102,20260510
BFA25GEN-N101-Weekday-00_C28,1,1,1,1,1,0,0,20251103,20260515
BFA25GEN-Q022-Saturday-00_C27,0,0,0,0,0,1,0,20251108,20260516
BFA25GEN-Q024-Sunday-00_C35,0,0,0,0,0,0,1,20251102,20260510
BFA25GEN-Q071-Weekday-00_C48,1,1,1,1,1,0,0,20251103,20260515
BFA25GEN-R052-Sunday-00_C44,0,0,0,0,0,0,1,20251102,20260510
BFA25GEN-R053-Saturday-00_C1,0,0,0,0,0,1,0,20251108,20260516
BFA25GEN-R096-Weekday-00_C42,1,1,1,1,1,0,0,20251103,20260515
SIR-FA2017-SI017-Saturday-00_C15,0,0,0,0,0,1,0,20251108,20260516
SIR-FA2017-SI017-Sunday-00_C61,0,0,0,0,0,0,1,20251102,20260510
SIR-FA2017-SI017-Weekday-08,1,1,1,1,1,0,0,20251103,20260515
SIR-FA2017-SI017-Weekday-08_C19,1,1,1,1,1,0,0,20251103,20260515
SIR-FA2017-SI017-Weekday-08_C68,1,1,1,1,1,0,0,20251103,20260515
SIR-FA2017-SI017-Weekday-08_C69,1,1,1,1,1,0,0,20251103,20260515
SIR-FA2017-SI017-Weekday-08_C70,1,1,1,1,1,0,0,20251103,20260515
SIR-FA2017-SI017-Weekday-08_C72,1,1,1,1,1,0,0,20251103,20260515
SIR-FA2017-SI017-Weekday-08_C74,1,1,1,1,1,0,0,20251103,20260515
